GENER
AZ  1inj 1                   3     COM3h
    0.0000E+00   1.29600E7     2.59200e7
         0.20    0.0000E+00    0.0000E+00
    0.0000E+00    0.0000E+00    0.0000E+00
AX  1inj 2                   3     COM3h
    0.0000E+00   1.29600E7     2.59200e7
         0.20    0.0000E+00    0.0000E+00
    0.0000E+00    0.0000E+00    0.0000E+00
AV  1inj 3                   3     COM3h
    0.0000E+00   1.29600E7     2.59200e7
         0.20    0.0000E+00    0.0000E+00
    0.0000E+00    0.0000E+00    0.0000E+00
AT  1inj 4                   3     COM3h
    0.0000E+00   1.29600E7     2.59200e7
         0.20    0.0000E+00    0.0000E+00
    0.0000E+00    0.0000E+00    0.0000E+00
AR  1inj 5                   3     COM3h
    0.0000E+00   1.29600E7     2.59200e7
         0.20    0.0000E+00    0.0000E+00
    0.0000E+00    0.0000E+00    0.0000E+00    
AP  1inj 6                   3     COM3h
    0.0000E+00   1.29600E7     2.59200e7
         0.20    0.0000E+00    0.0000E+00
    0.0000E+00    0.0000E+00    0.0000E+00
AO  1inj 7                   3     COM3h
    0.0000E+00   1.29600E7     2.59200e7
         0.20    0.0000E+00    0.0000E+00
    0.0000E+00    0.0000E+00    0.0000E+00
AN  1inj 8                   3     COM3h
    0.0000E+00   1.29600E7     2.59200e7
         0.20    0.0000E+00    0.0000E+00
    0.0000E+00    0.0000E+00    0.0000E+00
+++  
   35   33   31   29   27   25   24   23
